33.005749
33.000000
33.458920
0.000000
21.032684
25.378418
20.964556
7101218.000000
1.000000
9509.373047
45.575001
0.138456
0.000000
0.000000
0.000000
45.575001
0.138456
0.000000
0.000000
0.000000
0.000000
0.000000
0.000000
0.000000
0.000000
0.000000
45.575874
0.138459
0.000000
0.000000
45.575001
0.138459
0.000000
0.000000
0.000000
0.000000
0.000000
0.000000
0.000000
0.000000
0.000000
0.000000
0.000000
0.000000
0.000000
0.000000
0.000000
0.000000
0.000000
0.000000
0.000000
0.000000
0.000000
0.000000
0.000000
0.000000
0.000000
0.000000
0.000000
0.000000
0.000000
0.000000
0.000000
0.000000

