0.995069
0.995069
0.995069
0.995069
0.995069
0.995069
0.995069
0.995069
0.995069
0.995069
0.995069
0.995069
0.995069
0.995069
0.995069
0.995069
0.995069
0.995069
0.995069
0.995069
0.995069
0.995069
0.995070
0.995070
0.995071
0.995073
0.995076
0.995079
0.995084
0.995089
0.995094
0.995100
0.995107
0.995114
0.995121
0.995126
0.995134
0.995141
0.995149
0.995156
0.995164
0.995172
0.995180
0.995189
0.995198
0.995207
0.995216
0.995227
0.995237
0.995248
0.995259
0.995272
0.995285
0.995298
0.995313
0.995326
0.995341
0.995356
0.995372
0.995390
0.995407
0.995426
0.995447
0.995466
0.995485
0.995506
0.995526
0.995546
0.995568
0.995591
0.995615
0.995638
0.995663
0.995688
0.995713
0.995738
0.995765
0.995791
0.995818
0.995844
0.995871
0.995898
0.995926
0.995954
0.995984
0.996012
0.996040
0.996067
0.996095
0.996122
0.996149
0.996177
0.996204
0.996231
0.996258
0.996286
0.996315
0.996341
0.996369
0.996396
0.996422
0.996448
0.996474
0.996501
0.996527
0.996553
0.996579
0.996604
0.996629
0.996655
0.996679
0.996703
0.996729
0.996753
0.996778
0.996802
0.996826
0.996850
0.996873
0.996897
0.996919
0.996942
0.996963
0.996986
0.997009
0.997032
0.997053
0.997074
0.997095
0.997116
0.997138
0.997158
0.997180
0.997200
0.997220
0.997241
0.997262
0.997281
0.997300
0.997320
0.997339
0.997357
0.997377
0.997395
0.997414
0.997434
0.997453
0.997471
0.997489
0.997506
0.997523
0.997542
0.997559
0.997577
0.997592
0.997609
0.997626
0.997642
0.997659
0.997676
0.997691
0.997706
0.997722
0.997737
0.997753
0.997768
0.997783
0.997798
0.997812
0.997826
0.997841
0.997855
0.997869
0.997883
0.997896
0.997910
0.997924
0.997936
0.997950
0.997963
0.997976
0.997990
0.998002
0.998014
0.998026
0.998039
0.998051
0.998063
0.998075
0.998087
0.998099
0.998111
0.998123
0.998136
0.998147
0.998159
0.998170
0.998182
0.998193
0.998203
0.998215
0.998225
0.998235
0.998246
0.998255
0.998266
0.998276
0.998286
0.998297
0.998307
0.998317
0.998328
0.998338
0.998348
0.998359
0.998368
0.998378
0.998388
0.998397
0.998408
0.998417
0.998426
0.998435
0.998443
0.998452
0.998461
0.998470
0.998479
0.998487
0.998495
0.998503
0.998513
0.998521
0.998529
0.998538
0.998546
0.998555
0.998563
0.998571
0.998579
0.998588
0.998596
0.998605
0.998613
0.998621
0.998629
0.998637
0.998646
0.998654
0.998662
0.998670
0.998678
0.998685
0.998693
0.998700
0.998706
0.998714
0.998721
0.998727
0.998733
0.998740
0.998746
0.998752
0.998759
0.998765
0.998771
0.998777
0.998783
0.998788
0.998794
0.998799
0.998805
0.998811
0.998816
0.998821
0.998827
0.998831
0.998837
0.998842
0.998847
0.998853
0.998858
0.998863
0.998868
0.998873
0.998878
0.998882
0.998887
0.998892
0.998897
0.998903
0.998908
0.998913
0.998918
0.998923
0.998928
0.998933
0.998937
0.998942
0.998947
0.998952
0.998957
0.998961
0.998965
0.998970
0.998974
0.998978
0.998983
0.998987
0.998992
0.998996
0.999001
0.999005
0.999009
0.999013
0.999017
0.999021
0.999025
0.999029
0.999033
0.999037
0.999041
0.999045
0.999048
0.999052
0.999055
0.999059
0.999062
0.999066
0.999069
0.999073
0.999076
0.999080
0.999083
0.999087
0.999090
0.999094
0.999097
0.999101
0.999104
0.999107
0.999111
0.999114
0.999118
0.999122
0.999126
0.999129
0.999132
0.999136
0.999139
0.999143
0.999146
0.999150
0.999153
0.999157
0.999161
0.999165
0.999168
0.999172
0.999176
0.999179
0.999182
0.999185
0.999188
0.999191
0.999194
0.999197
0.999200
0.999202
0.999205
0.999208
0.999211
0.999214
0.999217
0.999220
0.999223
0.999226
0.999228
0.999230
0.999233
0.999235
0.999237
0.999239
0.999242
0.999244
0.999246
0.999249
0.999251
0.999253
0.999255
0.999258
0.999260
0.999262
0.999263
0.999265
0.999267
0.999270
0.999272
0.999274
0.999276
0.999278
0.999280
0.999282
0.999284
0.999287
0.999289
0.999291
0.999293
0.999294
0.999296
0.999299
0.999301
0.999303
0.999305
0.999307
0.999309
0.999310
0.999312
0.999313
0.999315
0.999317
0.999319
0.999321
0.999323
0.999325
0.999327
0.999328
0.999330
0.999332
0.999334
0.999336
0.999337
0.999339
0.999341
0.999343
0.999344
0.999346
0.999348
0.999349
0.999351
0.999352
0.999354
0.999355
0.999357
0.999358
0.999360
0.999362
0.999363
0.999365
0.999367
0.999368
0.999370
0.999371
0.999372
0.999374
0.999376
0.999377
0.999379
0.999381
0.999382
0.999383
0.999385
0.999386
0.999388
0.999389
0.999391
0.999393
0.999394
0.999396
0.999398
0.999399
0.999401
0.999402
0.999404
0.999405
0.999407
0.999409
0.999410
0.999412
0.999413
0.999414
0.999416
0.999417
0.999419
0.999420
0.999422
0.999423
0.999425
0.999426
0.999427
0.999429
0.999430
0.999432
0.999433
0.999434
0.999436
0.999438
0.999439
0.999440
0.999441
0.999442
0.999444
0.999445
0.999447
0.999448
0.999449
0.999451
0.999452
0.999453
0.999455
0.999456
0.999457
0.999459
0.999460
0.999462
0.999463
0.999464
0.999465
0.999467
0.999468
0.999469
0.999470
0.999471
0.999472
0.999474
0.999475
0.999476
0.999477
0.999478
0.999479
0.999481
0.999482
0.999483
0.999485
0.999486
0.999487
0.999488
0.999490
0.999491
0.999492
0.999493
0.999494
0.999496
0.999497
0.999498
0.999499
0.999500
0.999501
0.999502
0.999503
0.999504
0.999505
0.999506
0.999507
0.999508
0.999509
0.999510
0.999511
0.999512
0.999513
0.999514
0.999516
0.999516
0.999517
0.999518
0.999519
0.999520
0.999521
0.999523
0.999524
0.999525
0.999526
0.999527
0.999528
0.999529
0.999530
0.999531
0.999532
0.999534
0.999535
0.999536
0.999537
0.999538
0.999539
0.999541
0.999542
0.999543
0.999544
0.999545
0.999547
0.999548
0.999549
0.999550
0.999551
0.999552
0.999554
0.999555
0.999556
0.999558
0.999559
0.999561
0.999562
0.999563
0.999564
0.999565
0.999566
0.999568
0.999569
0.999570
0.999571
0.999572
0.999573
0.999574
0.999576
0.999577
0.999578
0.999579
0.999580
0.999582
0.999583
0.999584
0.999585
0.999586
0.999587
0.999589
0.999590
0.999591
0.999592
0.999593
0.999595
0.999596
0.999597
0.999598
0.999599
0.999600
0.999602
0.999603
0.999604
0.999605
0.999606
0.999607
0.999608
0.999609
0.999610
0.999611
0.999612
0.999613
0.999615
0.999615
0.999617
0.999618
0.999619
0.999620
0.999621
0.999622
0.999623
0.999624
0.999625
0.999627
0.999628
0.999629
0.999630
0.999631
0.999632
0.999633
0.999634
0.999635
0.999636
0.999637
0.999638
0.999639
0.999640
0.999641
0.999642
0.999643
0.999644
0.999645
0.999646
0.999647
0.999648
0.999648
0.999649
0.999650
0.999651
0.999652
0.999652
0.999653
0.999654
0.999655
0.999655
0.999656
0.999657
0.999657
0.999658
0.999659
0.999659
0.999660
0.999660
0.999661
0.999661
0.999662
0.999662
0.999663
0.999664
0.999665
0.999665
0.999666
0.999667
0.999667
0.999668
0.999669
0.999669
0.999670
0.999670
0.999671
0.999671
0.999672
0.999672
0.999673
0.999674
0.999674
0.999675
0.999675
0.999676
0.999677
0.999677
0.999678
0.999678
0.999679
0.999680
0.999680
0.999681
0.999682
0.999682
0.999683
0.999683
0.999684
0.999685
0.999685
0.999686
0.999686
0.999687
0.999688
0.999688
0.999689
0.999689
0.999690
0.999690
0.999690
0.999691
0.999691
0.999692
0.999693
0.999693
0.999694
0.999694
0.999695
0.999696
0.999696
0.999697
0.999697
0.999697
0.999698
0.999698
0.999699
0.999699
0.999700
0.999701
0.999701
0.999702
0.999702
0.999703
0.999703
0.999704
0.999704
0.999705
0.999705
0.999706
0.999706
0.999707
0.999708
0.999708
0.999708
0.999709
0.999710
0.999710
0.999711
0.999711
0.999711
0.999712
0.999712
0.999713
0.999713
0.999713
0.999714
0.999714
0.999715
0.999716
0.999716
0.999717
0.999717
0.999717
0.999718
0.999718
0.999719
0.999719
0.999720
0.999720
0.999721
0.999721
0.999721
0.999722
0.999722
0.999723
0.999723
0.999724
0.999724
0.999725
0.999725
0.999725
0.999726
0.999726
0.999727
0.999727
0.999727
0.999728
0.999729
0.999729
0.999729
0.999730
0.999731
0.999731
0.999732
0.999732
0.999732
0.999733
0.999733
0.999734
0.999734
0.999735
0.999735
0.999736
0.999736
0.999737
0.999737
0.999738
0.999738
0.999739
0.999739
0.999740
0.999740
0.999741
0.999742
0.999742
0.999743
0.999743
0.999744
0.999744
0.999745
0.999745
0.999745
0.999746
0.999746
0.999747
0.999747
0.999748
0.999748
0.999749
0.999749
0.999749
0.999750
0.999750
0.999751
0.999752
0.999752
0.999753
0.999753
0.999754
0.999754
0.999754
0.999755
0.999755
0.999756
0.999756
0.999757
0.999757
0.999758
0.999758
0.999758
0.999759
0.999759
0.999760
0.999760
0.999761
0.999761
0.999761
0.999762
0.999762
0.999763
0.999763
0.999764
0.999764
0.999765
0.999766
0.999766
0.999767
0.999767
0.999768
0.999768
0.999769
0.999769
0.999770
0.999770
0.999771
0.999771
0.999772
0.999772
0.999772
0.999773
0.999773
0.999774
0.999774
0.999775
0.999775
0.999776
0.999776
0.999776
0.999777
0.999778
0.999778
0.999779
0.999779
0.999779
0.999780
0.999780
0.999781
0.999781
0.999782
0.999782
0.999783
0.999783
0.999784
0.999784
0.999785
0.999785
0.999785
0.999786
0.999787
0.999787
0.999788
0.999788
0.999788
0.999789
0.999789
0.999790
0.999790
0.999791
0.999791
0.999792
0.999792
0.999793
0.999793
0.999793
0.999794
0.999794
0.999794
0.999795
0.999795
0.999795
0.999796
0.999796
0.999797
0.999797
0.999797
0.999797
0.999798
0.999798
0.999798
0.999799
0.999799
0.999800
0.999800
0.999800
0.999801
0.999801
0.999801
0.999801
0.999802
0.999802
0.999802
0.999803
0.999803
0.999803
0.999804
0.999804
0.999804
0.999805
0.999805
0.999805
0.999806
0.999806
0.999806
0.999807
0.999807
0.999807
0.999808
0.999808
0.999808
0.999809
0.999809
0.999810
0.999810
0.999810
0.999811
0.999811
0.999811
0.999812
0.999812
0.999812
0.999813
0.999813
0.999813
0.999814
0.999814
0.999814
0.999815
0.999815
0.999815
0.999815
0.999816
0.999816
0.999816
0.999817
0.999817
0.999818
0.999818
0.999818
0.999819
0.999819
0.999819
0.999819
0.999820
0.999820
0.999820
0.999821
0.999821
0.999821
0.999822
0.999822
0.999822
0.999823
0.999823
0.999823
0.999823
0.999824
0.999824
0.999824
0.999825
0.999825
0.999825
0.999826
0.999826
0.999827
0.999827
0.999827
0.999828
0.999828
0.999829
0.999829
0.999829
0.999830
0.999830
0.999830
0.999831
0.999831
0.999832
0.999832
0.999832
0.999832
0.999833
0.999833
0.999833
0.999834
0.999834
0.999834
0.999835
0.999835
0.999836
0.999836
0.999837
0.999837
0.999837
0.999838
0.999838
0.999838
0.999839
0.999839
0.999839
0.999840
0.999840
0.999841
0.999841
0.999842
0.999842
0.999842
0.999843
0.999843
0.999844
0.999844
0.999844
0.999845
0.999845
0.999845
0.999846
0.999846
0.999846
0.999847
0.999848
0.999848
0.999848
0.999849
0.999849
0.999849
0.999850
0.999850
0.999850
0.999850
0.999851
0.999851
0.999851
0.999852
0.999852
0.999852
0.999852
0.999853
0.999853
0.999854
0.999854
0.999854
0.999855
0.999855
0.999855
0.999856
0.999856
0.999856
0.999857
0.999857
0.999857
0.999858
0.999858
0.999858
0.999859
0.999859
0.999859
0.999859
0.999860
0.999860
0.999860
0.999861
0.999861
0.999861
0.999862
0.999862
0.999862
0.999863
0.999863
0.999863
0.999863
0.999864
0.999864
0.999864
0.999864
0.999865
0.999865
0.999865
0.999865
0.999866
0.999866
0.999866
0.999867
0.999867
0.999867
0.999867
0.999868
0.999868
0.999868
0.999869
0.999869
0.999869
0.999869
0.999870
0.999870
0.999870
0.999870
0.999870
0.999871
0.999871
0.999871
0.999871
0.999872
0.999872
0.999873
0.999873
0.999873
0.999873
0.999873
0.999874
0.999874
0.999874
0.999874
0.999875
0.999875
0.999875
0.999875
0.999875
0.999876
0.999876
0.999876
0.999876
0.999876
0.999877
0.999877
0.999877
0.999877
0.999878
0.999878
0.999878
0.999878
0.999878
0.999879
0.999879
0.999879
0.999879
0.999879
0.999879
0.999880
0.999880
0.999880
0.999880
0.999881
0.999881
0.999881
0.999881
0.999881
0.999881
0.999881
0.999882
0.999882
0.999882
0.999882
0.999882
0.999883
0.999883
0.999883
0.999883
0.999883
0.999883
0.999883
0.999884
0.999884
0.999884
0.999884
0.999884
0.999884
0.999884
0.999885
0.999885
0.999885
0.999885
0.999885
0.999885
0.999886
0.999886
0.999886
0.999886
0.999886
0.999886
0.999886
0.999887
0.999887
0.999887
0.999887
0.999887
0.999887
0.999887
0.999887
0.999887
0.999888
0.999888
0.999888
0.999888
0.999888
0.999888
0.999888
0.999889
0.999889
0.999889
0.999889
0.999889
0.999889
0.999889
0.999889
0.999890
0.999890
0.999890
0.999890
0.999890
0.999890
0.999891
0.999891
0.999891
0.999891
0.999891
0.999891
0.999891
0.999892
0.999892
0.999892
0.999892
0.999892
0.999893
0.999893
0.999893
0.999893
0.999893
0.999893
0.999893
0.999894
0.999894
0.999894
0.999894
0.999894
0.999895
0.999895
0.999895
0.999895
0.999896
0.999896
0.999896
0.999896
0.999896
0.999897
0.999897
0.999897
0.999897
0.999898
0.999898
0.999898
0.999898
0.999899
0.999899
0.999899
0.999899
0.999899
0.999900
0.999900
0.999900
0.999900
0.999900
0.999901
0.999901
0.999901
0.999901
0.999902
0.999902
0.999902
0.999903
0.999903
0.999903
0.999903
0.999904
0.999904
0.999904
0.999905
0.999905
0.999905
0.999905
0.999906
0.999906
0.999907
0.999907
0.999907
0.999908
0.999908
0.999908
0.999909
0.999910
0.999910
0.999911
0.999911
0.999911
0.999912
0.999913
0.999913
0.999914
0.999914
0.999915
0.999915
0.999916
0.999916
0.999917
0.999918
0.999918
0.999919
0.999920
0.999920
0.999921
0.999921
0.999922
0.999922
0.999923
0.999924
0.999925
0.999925
0.999926
0.999926
0.999927
0.999928
0.999928
0.999929
0.999929
0.999930
0.999931
0.999931
0.999932
0.999932
0.999933
0.999934
0.999934
0.999935
0.999936
0.999936
0.999937
0.999937
0.999938
0.999938
0.999938
0.999939
0.999940
0.999940
0.999940
0.999941
0.999941
0.999941
0.999942
0.999942
0.999942
0.999943
0.999943
0.999944
0.999944
0.999944
0.999945
0.999945
0.999945
0.999945
0.999946
0.999946
0.999946
0.999946
0.999946
0.999947
0.999947
0.999947
0.999947
0.999947
0.999948
0.999948
0.999948
0.999948
0.999948
0.999948
0.999949
0.999949
0.999949
0.999949
0.999949
0.999949
0.999949
0.999950
0.999950
0.999950
0.999950
0.999950
0.999950
0.999950
0.999950
0.999950
0.999950
0.999950
0.999951
0.999951
0.999951
0.999951
0.999951
0.999951
0.999951
0.999951
0.999951
0.999952
0.999952
0.999952
0.999952
0.999952
0.999952
0.999952
0.999952
0.999952
0.999952
0.999952
0.999952
0.999953
0.999953
0.999953
0.999953
0.999953
0.999953
0.999953
0.999953
0.999953
0.999953
0.999953
0.999953
0.999954
0.999954
0.999954
0.999954
0.999954
0.999954
0.999954
0.999954
0.999954
0.999954
0.999954
0.999954
0.999954
0.999955
0.999955
0.999955
0.999955
0.999955
0.999955
0.999955
0.999955
0.999955
0.999955
0.999955
0.999955
0.999955
0.999956
0.999956
0.999956
0.999956
0.999956
0.999956
0.999956
0.999956
0.999956
0.999956
0.999956
0.999956
0.999956
0.999956
0.999956
0.999956
0.999957
0.999957
0.999957
0.999957
0.999957
0.999957
0.999957
0.999957
0.999957
0.999957
0.999957
0.999957
0.999957
0.999957
0.999957
0.999957
0.999958
0.999958
0.999958
0.999958
0.999958
0.999958
0.999958
0.999958
0.999958
0.999958
0.999958
0.999958
0.999958
0.999959
0.999959
0.999959
0.999959
0.999959
0.999959
0.999959
0.999959
0.999959
0.999959
0.999959
0.999959
0.999959
0.999959
0.999959
0.999959
0.999960
0.999960
0.999960
0.999960
0.999960
0.999960
0.999960
0.999960
0.999960
0.999960
0.999960
0.999960
0.999960
0.999960
0.999960
0.999960
0.999960
0.999960
0.999961
0.999961
0.999961
0.999961
0.999961
0.999961
0.999961
0.999961
0.999961
0.999961
0.999961
0.999961
0.999961
0.999961
0.999961
0.999961
0.999962
0.999962
0.999962
0.999962
0.999962
0.999962
0.999962
0.999962
0.999962
0.999963
0.999963
0.999963
0.999963
0.999963
0.999963
0.999963
0.999963
0.999963
0.999963
0.999963
0.999964
0.999964
0.999964
0.999964
0.999964
0.999964
0.999964
0.999964
0.999964
0.999964
0.999965
0.999965
0.999965
0.999965
0.999965
0.999965
0.999965
0.999965
0.999965
0.999965
0.999966
0.999966
0.999966
0.999966
0.999966
0.999966
0.999966
0.999966
0.999966
0.999966
0.999966
0.999966
0.999967
0.999967
0.999967
0.999967
0.999967
0.999967
0.999967
0.999967
0.999967
0.999967
0.999967
0.999968
0.999968
0.999968
0.999968
0.999968
0.999968
0.999968
0.999968
0.999968
0.999968
0.999968
0.999968
0.999968
0.999969
0.999969
0.999969
0.999969
0.999969
0.999969
0.999969
0.999969
0.999969
0.999969
0.999969
0.999969
0.999970
0.999970
0.999970
0.999970
0.999970
0.999970
0.999970
0.999970
0.999970
0.999971
0.999971
0.999971
0.999971
0.999971
0.999971
0.999971
0.999971
0.999971
0.999971
0.999971
0.999971
0.999971
0.999971
0.999971
0.999971
0.999971
0.999972
0.999972
0.999972
0.999972
0.999972
0.999972
0.999972
0.999972
0.999972
0.999972
0.999972
0.999972
0.999972
0.999972
0.999973
0.999973
0.999973
0.999973
0.999973
0.999973
0.999973
0.999973
0.999973
0.999973
0.999973
0.999973
0.999973
0.999973
0.999973
0.999973
0.999973
0.999973
0.999973
0.999973
0.999973
0.999973
0.999973
0.999973
0.999974
0.999974
0.999974
0.999974
0.999974
0.999974
0.999974
0.999974
0.999974
0.999974
0.999974
0.999974
0.999974
0.999974
0.999974
0.999974
0.999974
0.999974
0.999974
0.999974
0.999974
0.999974
0.999974
0.999974
0.999974
0.999974
0.999974
0.999974
0.999974
0.999974
0.999974
0.999974
0.999974
0.999974
0.999974
0.999974
0.999975
0.999975
0.999975
0.999975
0.999975
0.999975
0.999975
0.999975
0.999975
0.999975
0.999975
0.999975
0.999975
0.999975
0.999975
0.999975
0.999975
0.999975
0.999975
0.999975
0.999975
0.999975
0.999975
0.999975
0.999975
0.999975
0.999975
0.999975
0.999975
0.999975
0.999975
0.999975
0.999975
0.999975
0.999976
0.999976
0.999976
0.999976
0.999976
0.999976
0.999976
0.999976
0.999976
0.999976
0.999976
0.999976
0.999976
0.999976
0.999976
0.999976
0.999976
0.999976
0.999976
0.999976
0.999976
0.999976
0.999976
0.999976
0.999976
0.999976
0.999976
0.999976
0.999976
0.999976
0.999977
0.999977
0.999977
0.999977
0.999977
0.999977
0.999977
0.999977
0.999977
0.999977
0.999977
0.999977
0.999977
0.999977
0.999977
0.999977
0.999977
0.999977
0.999977
0.999977
0.999977
0.999977
0.999977
0.999977
0.999977
0.999977
0.999977
0.999978
0.999978
0.999978
0.999978
0.999978
0.999978
0.999978
0.999978
0.999978
0.999978
0.999978
0.999978
0.999978
0.999978
0.999978
0.999978
0.999978
0.999978
0.999978
0.999978
0.999978
0.999978
0.999978
0.999978
0.999978
0.999978
0.999978
0.999978
0.999978
0.999978
0.999978
0.999978
0.999978
0.999978
0.999978
0.999978
0.999978
0.999978
0.999978
0.999978
0.999978
0.999978
0.999978
0.999978
0.999978
0.999978
0.999979
0.999979
0.999979
0.999979
0.999979
0.999979
0.999979
0.999979
0.999979
0.999979
0.999979
0.999979
0.999979
0.999979
0.999979
0.999979
0.999979
0.999979
0.999979
0.999979
0.999979
0.999979
0.999979
0.999979
0.999979
0.999979
0.999980
0.999980
0.999980
0.999980
0.999980
0.999980
0.999980
0.999980
0.999980
0.999980
0.999980
0.999980
0.999980
0.999980
0.999980
0.999980
0.999980
0.999980
0.999980
0.999980
0.999980
0.999980
0.999980
0.999980
0.999980
0.999980
0.999980
0.999980
0.999980
0.999980
0.999981
0.999981
0.999981
0.999981
0.999981
0.999981
0.999981
0.999981
0.999981
0.999981
0.999981
0.999981
0.999981
0.999981
0.999981
0.999981
0.999981
0.999981
0.999981
0.999981
0.999981
0.999981
0.999981
0.999981
0.999981
0.999981
0.999981
0.999981
0.999982
0.999982
0.999982
0.999982
0.999982
0.999982
0.999982
0.999982
0.999982
0.999982
0.999982
0.999982
0.999982
0.999982
0.999982
0.999982
0.999982
0.999982
0.999982
0.999982
0.999982
0.999982
0.999982
0.999982
0.999982
0.999982
0.999983
0.999983
0.999983
0.999983
0.999983
0.999983
0.999983
0.999983
0.999983
0.999983
0.999983
0.999983
0.999983
0.999983
0.999983
0.999983
0.999983
0.999983
0.999983
0.999983
0.999983
0.999983
0.999983
0.999983
0.999983
0.999983
0.999983
0.999983
0.999983
0.999983
0.999984
0.999984
0.999984
0.999984
0.999984
0.999984
0.999984
0.999984
0.999984
0.999984
0.999984
0.999984
0.999984
0.999984
0.999984
0.999984
0.999984
0.999984
0.999984
0.999984
0.999984
0.999984
0.999984
0.999984
0.999984
0.999984
0.999984
0.999984
0.999984
0.999985
0.999985
0.999985
0.999985
0.999985
0.999985
0.999985
0.999985
0.999985
0.999985
0.999985
0.999985
0.999985
0.999985
0.999985
0.999985
0.999985
0.999985
0.999985
0.999985
0.999985
0.999985
0.999985
0.999985
0.999986
0.999986
0.999986
0.999986
0.999986
0.999986
0.999986
0.999986
0.999986
0.999986
0.999986
0.999986
0.999986
0.999986
0.999986
0.999986
0.999986
0.999986
0.999986
0.999986
0.999986
0.999986
0.999986
0.999986
0.999986
0.999986
0.999986
0.999986
0.999987
0.999987
0.999987
0.999987
0.999987
0.999987
0.999987
0.999987
0.999987
0.999987
0.999987
0.999987
0.999987
0.999987
0.999987
0.999987
0.999987
0.999987
0.999987
0.999987
0.999987
0.999987
0.999987
0.999987
0.999987
0.999987
0.999987
0.999987
0.999987
0.999987
0.999987
0.999987
0.999987
0.999987
0.999987
0.999987
0.999987
0.999987
0.999987
0.999987
0.999987
0.999987
0.999987
0.999987
0.999987
0.999988
0.999988
0.999988
0.999988
0.999988
0.999988
0.999988
0.999988
0.999988
0.999988
0.999988
0.999988
0.999988
0.999988
0.999988
0.999988
0.999988
0.999988
0.999988
0.999988
0.999988
0.999988
0.999988
0.999988
0.999988
0.999988
0.999988
0.999988
0.999988
0.999988
0.999988
0.999988
0.999988
0.999988
0.999988
0.999988
0.999988
0.999988
0.999988
0.999988
0.999988
0.999988
0.999988
0.999988
0.999988
0.999989
0.999989
0.999989
0.999989
0.999989
0.999989
0.999989
0.999989
0.999989
0.999989
0.999989
0.999989
0.999989
0.999989
0.999989
0.999989
0.999989
0.999989
0.999989
0.999989
0.999989
0.999989
0.999989
0.999989
0.999989
0.999989
0.999989
0.999989
0.999989
0.999989
0.999989
0.999989
0.999989
0.999989
0.999989
0.999989
0.999989
0.999989
0.999989
0.999989
0.999989
0.999989
0.999989
0.999990
0.999990
0.999990
0.999990
0.999990
0.999990
0.999990
0.999990
0.999990
0.999990
0.999990
0.999990
0.999990
0.999990
0.999990
0.999990
0.999990
0.999990
0.999990
0.999990
0.999990
0.999990
0.999990
0.999990
0.999990
0.999990
0.999990
0.999990
0.999990
0.999990
0.999990
0.999990
0.999990
0.999990
0.999990
0.999990
0.999990
0.999990
0.999990
0.999990
0.999990
0.999990
0.999990
0.999990
0.999990
0.999990
0.999990
0.999990
0.999990
0.999990
0.999990
0.999990
0.999990
0.999990
0.999990
0.999990
0.999990
0.999990
0.999990
0.999990
0.999990
0.999990
0.999990
0.999990
0.999991
0.999991
0.999991
0.999991
0.999991
0.999991
0.999991
0.999991
0.999991
0.999991
0.999991
0.999991
0.999991
0.999991
0.999991
0.999991
0.999991
0.999991
0.999991
0.999991
0.999991
0.999991
0.999991
0.999991
0.999991
0.999991
0.999991
0.999991
0.999991
0.999991
0.999991
0.999991
0.999991
0.999991
0.999991
0.999991
0.999991
0.999991
0.999991
0.999991
0.999991
0.999991
0.999991
0.999991
0.999991
0.999991
0.999991
0.999991
0.999991
0.999991
0.999991
0.999991
0.999991
0.999991
0.999991
0.999991
0.999991
0.999991
0.999991
0.999991
0.999991
0.999991
0.999992
0.999992
0.999992
0.999992
0.999992
0.999992
0.999992
0.999992
0.999992
0.999992
0.999992
0.999992
0.999992
0.999992
0.999992
0.999992
0.999992
0.999992
0.999992
0.999992
0.999992
0.999992
0.999992
0.999992
0.999992
0.999992
0.999992
0.999993
0.999993
0.999993
0.999993
0.999993
0.999993
0.999993
0.999993
0.999993
0.999993
0.999993
0.999993
0.999993
0.999993
0.999993
0.999993
0.999993
0.999993
0.999993
0.999993
0.999993
0.999994
0.999994
0.999994
0.999994
0.999994
0.999994
0.999994
0.999994
0.999994
0.999994
0.999994
0.999994
0.999994
0.999994
0.999994
0.999994
0.999994
0.999994
0.999994
0.999994
0.999994
0.999994
0.999994
0.999995
0.999995
0.999995
0.999995
0.999995
0.999995
0.999995
0.999995
0.999995
0.999995
0.999995
0.999995
0.999995
0.999995
0.999995
0.999995
0.999995
0.999995
0.999995
0.999995
0.999995
0.999995
0.999995
0.999995
0.999995
0.999995
0.999995
0.999995
0.999995
0.999995
0.999995
0.999995
0.999995
0.999995
0.999996
0.999996
0.999996
0.999996
0.999996
0.999996
0.999996
0.999996
0.999996
0.999996
0.999996
0.999996
0.999996
0.999996
0.999996
0.999996
0.999996
0.999996
0.999996
0.999996
0.999996
0.999996
0.999996
0.999996
0.999996
0.999996
0.999996
0.999996
0.999996
0.999996
0.999996
0.999996
0.999996
0.999996
0.999996
0.999996
0.999996
0.999996
0.999996
0.999996
0.999996
0.999996
0.999996
0.999996
0.999996
0.999996
0.999996
0.999996
0.999996
0.999996
0.999996
0.999996
0.999996
0.999996
0.999996
0.999996
0.999996
0.999996
0.999996
0.999996
0.999996
0.999996
0.999996
0.999996
0.999996
0.999996
0.999996
0.999996
0.999996
0.999996
0.999996
0.999996
0.999996
0.999996
0.999996
0.999996
0.999996
0.999996
0.999996
0.999996
0.999996
0.999996
0.999996
0.999996
0.999996
0.999996
0.999996
0.999996
0.999996
0.999997
0.999997
0.999997
0.999997
0.999997
0.999997
0.999997
0.999997
0.999997
0.999997
0.999997
0.999997
0.999997
0.999997
0.999997
0.999997
0.999997
0.999997
0.999997
0.999997
0.999997
0.999997
0.999997
0.999997
0.999997
0.999997
0.999997
0.999997
0.999997
0.999997
0.999997
0.999997
0.999997
0.999997
0.999997
0.999997
0.999997
0.999997
0.999997
0.999997
0.999997
0.999997
0.999997
0.999997
0.999997
0.999997
0.999997
0.999997
0.999997
0.999997
0.999997
0.999997
0.999997
0.999997
0.999997
0.999997
0.999997
0.999997
0.999997
0.999997
0.999997
0.999997
0.999997
0.999997
0.999997
0.999997
0.999997
0.999997
0.999997
0.999997
0.999997
0.999997
0.999997
0.999997
0.999997
0.999997
0.999997
0.999997
0.999997
0.999997
0.999997
0.999997
0.999997
0.999997
0.999997
0.999997
0.999997
0.999997
0.999997
0.999997
0.999997
0.999997
0.999997
0.999997
0.999997
0.999997
0.999997
0.999997
0.999997
0.999997
0.999997
0.999997
0.999997
0.999997
0.999997
0.999997
0.999997
0.999997
0.999997
0.999997
0.999997
0.999997
0.999997
0.999997
0.999997
0.999997
0.999997
0.999997
0.999997
0.999997
0.999997
0.999997
0.999997
0.999997
0.999997
0.999997
0.999997
0.999997
0.999997
0.999997
0.999997
0.999997
0.999997
0.999997
0.999998
0.999998
0.999998
0.999998
0.999998
0.999998
0.999998
0.999998
0.999998
0.999998
0.999998
0.999998
0.999998
0.999998
0.999998
0.999998
0.999998
0.999998
0.999998
0.999998
0.999998
0.999998
0.999998
0.999998
0.999998
0.999998
0.999998
0.999998
0.999998
0.999998
0.999998
0.999998
0.999998
0.999998
0.999998
0.999998
0.999998
0.999998
0.999998
0.999998
0.999998
0.999998
0.999998
0.999998
0.999998
0.999998
0.999998
0.999998
0.999998
0.999998
0.999998
0.999998
0.999998
0.999998
0.999998
0.999998
0.999998
0.999998
0.999998
0.999998
0.999998
0.999998
0.999998
0.999998
0.999998
0.999998
0.999998
0.999998
0.999998
0.999998
0.999998
0.999998
0.999998
0.999998
0.999998
0.999998
0.999998
0.999998
0.999998
0.999998
0.999998
0.999998
0.999998
0.999998
0.999998
0.999998
0.999998
0.999998
0.999998
0.999998
0.999998
0.999998
0.999998
0.999998
0.999998
0.999998
0.999998
0.999998
0.999998
0.999998
0.999998
0.999998
0.999998
0.999998
0.999998
0.999998
0.999998
0.999998
0.999998
0.999998
0.999998
0.999998
0.999998
0.999998
0.999998
0.999998
0.999998
0.999998
0.999998
0.999998
0.999998
0.999998
0.999998
0.999998
0.999998
0.999998
0.999998
0.999998
0.999998
0.999998
0.999998
0.999998
0.999998
0.999998
0.999998
0.999998
0.999998
0.999998
0.999998
0.999998
0.999998
0.999998
0.999998
0.999998
0.999998
0.999998
0.999998
0.999998
0.999998
0.999998
0.999998
0.999998
0.999998
0.999998
0.999998
0.999998
0.999998
0.999998
0.999998
0.999998
0.999998
0.999998
0.999998
0.999998
0.999998
0.999998
0.999998
0.999998
0.999998
0.999999
0.999999
0.999999
0.999999
0.999999
0.999999
0.999999
0.999999
0.999999
0.999999
0.999999
0.999999
0.999999
0.999999
0.999999
0.999999
0.999999
0.999999
0.999999
0.999999
0.999999
0.999999
0.999999
0.999999
0.999999
0.999999
0.999999
0.999999
0.999999
0.999999
0.999999
0.999999
0.999999
0.999999
0.999999
0.999999
0.999999
0.999999
0.999999
0.999999
0.999999
0.999999
0.999999
0.999999
0.999999
0.999999
0.999999
0.999999
0.999999
0.999999
0.999999
0.999999
0.999999
0.999999
0.999999
0.999999
0.999999
0.999999
0.999999
0.999999
0.999999
0.999999
0.999999
0.999999
0.999999
0.999999
0.999999
0.999999
0.999999
0.999999
0.999999
0.999999
0.999999
0.999999
0.999999
0.999999
0.999999
0.999999
0.999999
0.999999
0.999999
0.999999
0.999999
0.999999
0.999999
0.999999
0.999999
0.999999
0.999999
0.999999
0.999999
0.999999
0.999999
0.999999
0.999999
0.999999
0.999999
0.999999
0.999999
0.999999
0.999999
0.999999
0.999999
0.999999
0.999999
0.999999
0.999999
0.999999
0.999999
0.999999
0.999999
0.999999
0.999999
0.999999
0.999999
0.999999
0.999999
0.999999
0.999999
0.999999
0.999999
0.999999
0.999999
0.999999
0.999999
0.999999
0.999999
0.999999
0.999999
0.999999
0.999999
0.999999
0.999999
0.999999
0.999999
0.999999
0.999999
0.999999
0.999999
0.999999
0.999999
0.999999
0.999999
0.999999
0.999999
0.999999
0.999999
0.999999
0.999999
0.999999
0.999999
0.999999
0.999999
0.999999
0.999999
0.999999
0.999999
0.999999
0.999999
0.999999
0.999999
0.999999
0.999999
0.999999
0.999999
0.999999
0.999999
0.999999
0.999999
0.999999
0.999999
0.999999
0.999999
1.000000
1.000000
1.000000
1.000000
1.000000
1.000000
1.000000
1.000000
1.000000
1.000000
1.000000
1.000000
1.000000
1.000000
1.000000
1.000000
1.000000
1.000000
1.000000
1.000000
1.000000
1.000000
1.000000
1.000000
1.000000
1.000000
1.000000
1.000000
1.000000
1.000000
1.000000
1.000000
1.000000
1.000000
1.000000
1.000000
1.000000
1.000000
1.000000
1.000000
1.000000
1.000000
1.000000
1.000000
1.000000
1.000000
1.000000
1.000000
1.000000
1.000000
1.000000
1.000000
1.000000
1.000000
1.000000
1.000000
1.000000
1.000000
1.000000
1.000000
1.000000
1.000000
1.000000
1.000000
1.000000
1.000000
1.000000
1.000000
1.000000
1.000000
1.000000
1.000000
1.000000
1.000000
1.000000
1.000000
1.000000
1.000000
1.000000
1.000000
1.000000
1.000000
1.000000
1.000000
1.000000
1.000000
1.000000
1.000000
1.000000
1.000000
1.000000
1.000000
1.000000
1.000000
1.000000
1.000000
1.000000
1.000000
1.000000
1.000000
1.000000
1.000000
1.000000
1.000000
1.000000
1.000000
1.000000
1.000000
1.000000
1.000000
1.000000
1.000000
1.000000
1.000000
1.000000
1.000000
1.000000
1.000000
1.000000
1.000000
1.000000
1.000000
1.000000
1.000000
1.000000
1.000000
1.000000
1.000000
1.000000
1.000000
1.000000
1.000000
1.000000
1.000000
1.000000
1.000000
1.000000
1.000000
1.000000
1.000000
1.000000
1.000000
1.000000
1.000000
1.000000
1.000000
1.000000
1.000000
1.000000
1.000000
1.000000
1.000000
1.000000
1.000000
1.000000
1.000000
1.000000
1.000000
1.000000
1.000000
1.000000
1.000000
1.000000
1.000000
1.000000
1.000000
1.000000
1.000000
1.000000
1.000000
1.000000
1.000000
1.000000
1.000000
1.000000
1.000000
1.000000
1.000000
1.000000
1.000000
1.000000
1.000000
1.000000
1.000000
1.000000
1.000000
1.000000
1.000000
1.000000
1.000000
1.000000
1.000000
1.000000
1.000000
1.000000
1.000000
1.000000
1.000000
1.000000
1.000000
1.000000
1.000000
1.000000
1.000000
1.000000
1.000000
1.000000
1.000000
1.000000
1.000000
1.000000
1.000000
1.000000
1.000000
1.000000
1.000000
1.000000
1.000000
1.000000
1.000000
1.000000
1.000000
1.000000
1.000000
1.000000
1.000000
1.000000
1.000000
1.000000
1.000000
1.000000
1.000000
1.000000
1.000000
1.000000
1.000000
1.000000
1.000000
1.000000
1.000000
1.000000
1.000000
1.000000
1.000000
1.000000
1.000000
1.000000
1.000000
1.000000
1.000000
1.000000
1.000000
1.000000
1.000000
1.000000
1.000000
1.000000
1.000000
1.000000
1.000000
1.000000
1.000000
1.000000
1.000000
1.000000
1.000000
1.000000
1.000000
1.000000
1.000000
1.000000
1.000000
1.000000
1.000000
1.000000
1.000000
1.000000
1.000000
1.000000
1.000000
1.000000
1.000000
1.000000
1.000000
1.000000
1.000000
1.000000
1.000000
1.000000
1.000000
1.000000
1.000000
1.000000
1.000000
1.000000
1.000000
1.000000
1.000000
1.000000
1.000000
1.000000
1.000000
1.000000
1.000000
1.000000
1.000000
1.000000
1.000000
1.000000
1.000000
1.000000
1.000000
1.000000
1.000000
1.000000
1.000000
1.000000
1.000000
1.000000
1.000000
1.000000
1.000000
1.000000
1.000000
1.000000
1.000000
1.000000
1.000000
1.000000
1.000000
1.000000
1.000000
1.000000
1.000000
1.000000
1.000000
1.000000
1.000000
1.000000
1.000000
1.000000
1.000000
1.000000
1.000000
1.000000
1.000000
1.000000
1.000000
1.000000
1.000000
1.000000
1.000000
1.000000
1.000000
1.000000
1.000000
1.000000
1.000000
1.000000
1.000000
1.000000
1.000000
1.000000
1.000000
1.000000
1.000000
1.000000
1.000000
1.000000
1.000000
1.000000
1.000000
1.000000
1.000000
1.000000
1.000000
1.000000
1.000000
1.000000
1.000000
1.000000
1.000000
1.000000
1.000000
1.000000
1.000000
1.000000
1.000000
1.000000
1.000000
1.000000
1.000000
1.000000
1.000000
1.000000
1.000000
1.000000
1.000000
1.000000
1.000000
1.000000
1.000000
1.000000
1.000000
1.000000
1.000000
1.000000
1.000000
1.000000
1.000000
1.000000
1.000000
1.000000
1.000000
1.000000
1.000000
1.000000
1.000000
1.000000
1.000000
1.000000
1.000000
1.000000
1.000000
1.000000
1.000000
1.000000
1.000000
1.000000
1.000000
1.000000
1.000000
1.000000
1.000000
1.000000
1.000000
1.000000
1.000000
1.000000
1.000000
1.000000
1.000000
1.000000
1.000000
1.000000
1.000000
1.000000
1.000000
1.000000
1.000000
1.000000
1.000000
1.000000
1.000000
1.000000
1.000000
1.000000
1.000000
1.000000
1.000000
1.000000
1.000000
1.000000
1.000000
1.000000
1.000000
1.000000
1.000000
1.000000
1.000000
1.000000
1.000000
1.000000
1.000000
1.000000
1.000000
1.000000
1.000000
1.000000
1.000000
1.000000
1.000000
1.000000
1.000000
1.000000
1.000000
1.000000
1.000000
1.000000
1.000000
1.000000
1.000000
1.000000
1.000000
1.000000
1.000000
1.000000
1.000000
1.000000
1.000000
1.000000
1.000000
1.000000
1.000000
1.000000
1.000000
1.000000
1.000000
1.000000
1.000000
1.000000
1.000000
1.000000
1.000000
1.000000
1.000000
1.000000
1.000000
1.000000
1.000000
1.000000
1.000000
1.000000
1.000000
1.000000
1.000000
1.000000
1.000000
1.000000
1.000000
1.000000
1.000000
1.000000
1.000000
1.000000
1.000000
1.000000
1.000000
1.000000
1.000000
1.000000
1.000000
1.000000
1.000000
1.000000
1.000000
1.000000
1.000000
1.000000
1.000000
1.000000
1.000000
1.000000
1.000000
1.000000
1.000000
1.000000
1.000000
1.000000
1.000000
1.000000
1.000000
1.000000
1.000000
1.000000
1.000000
1.000000
1.000000
1.000000
1.000000
1.000000
1.000000
1.000000
1.000000
1.000000
1.000000
1.000000
1.000000
1.000000
1.000000
1.000000
1.000000
1.000000
1.000000
1.000000
1.000000
1.000000
1.000000
1.000000
1.000000
1.000000
1.000000
1.000000
1.000000
1.000000
1.000000
1.000000
1.000000
1.000000
1.000000
1.000000
1.000000
1.000000
1.000000
1.000000
1.000000
1.000000
1.000000
1.000000
1.000000
1.000000
1.000000
1.000000
1.000000
1.000000
1.000000
1.000000
1.000000
1.000000
1.000000
1.000000
1.000000
1.000000
1.000000
1.000000
1.000000
1.000000
1.000000
1.000000
1.000000
1.000000
1.000000
1.000000
1.000000
1.000000
1.000000
1.000000
1.000000
1.000000
1.000000
1.000000
1.000000
1.000000
1.000000
1.000000
1.000000
1.000000
1.000000
1.000000
1.000000
1.000000
1.000000
1.000000
1.000000
1.000000
1.000000
1.000000
1.000000
1.000000
1.000000
1.000000
1.000000
1.000000
1.000000
1.000000
1.000000
1.000000
1.000000
1.000000
1.000000
1.000000
1.000000
1.000000
1.000000
1.000000
1.000000
1.000000
1.000000
1.000000
1.000000
1.000000
1.000000
1.000000
1.000000
1.000000
1.000000
1.000000
1.000000
1.000000
1.000000
1.000000
1.000000
1.000000
1.000000
1.000000
1.000000
1.000000
1.000000
1.000000
1.000000
1.000000
1.000000
1.000000
1.000000
1.000000
1.000000
1.000000
1.000000
1.000000
1.000000
1.000000
1.000000
1.000000
1.000000
1.000000
1.000000
1.000000
1.000000
1.000000
1.000000
1.000000
1.000000
1.000000
1.000000
1.000000
1.000000
1.000000
1.000000
1.000000
1.000000
1.000000
1.000000
1.000000
1.000000
1.000000
1.000000
1.000000
1.000000
1.000000
1.000000
1.000000
1.000000
1.000000
1.000000
1.000000
1.000000
1.000000
1.000000
1.000000
1.000000
1.000000
1.000000
1.000000
1.000000
1.000000
1.000000
1.000000
1.000000
1.000000
1.000000
1.000000
1.000000
1.000000
1.000000
1.000000
1.000000
1.000000
1.000000
1.000000
1.000000
1.000000
1.000000
1.000000
1.000000
1.000000
1.000000
1.000000
1.000000
1.000000
1.000000
1.000000
1.000000
1.000000
1.000000
1.000000
1.000000
1.000000
1.000000
1.000000
1.000000
1.000000
1.000000
1.000000
1.000000
1.000000
1.000000
1.000000
1.000000
1.000000
1.000000
1.000000
1.000000
1.000000
1.000000
1.000000
1.000000
1.000000
1.000000
1.000000
1.000000
1.000000
1.000000
1.000000
1.000000
1.000000
1.000000
1.000000
1.000000
1.000000
1.000000
1.000000
1.000000
1.000000
1.000000
1.000000
1.000000
1.000000
1.000000
1.000000
1.000000
1.000000
1.000000
1.000000
1.000000
1.000000
1.000000
1.000000
1.000000
1.000000
1.000000
1.000000
1.000000
1.000000
1.000000
1.000000
1.000000
1.000000
1.000000
1.000000
1.000000
1.000000
1.000000
1.000000
1.000000
1.000000
1.000000
1.000000
1.000000
1.000000
1.000000
1.000000
1.000000
1.000000
1.000000
1.000000
1.000000
1.000000
1.000000
1.000000
1.000000
1.000000
1.000000
1.000000
1.000000
1.000000
1.000000
1.000000
1.000000
1.000000
1.000000
1.000000
1.000000
1.000000
1.000000
1.000000
1.000000
1.000000
1.000000
1.000000
1.000000
1.000000
1.000000
1.000000
1.000000
1.000000
1.000000
1.000000
1.000000
1.000000
1.000000
1.000000
1.000000
1.000000
1.000000
1.000000
1.000000
1.000000
1.000000
1.000000
1.000000
1.000000
1.000000
1.000000
1.000000
1.000000
1.000000
1.000000
1.000000
1.000000
1.000000
1.000000
1.000000
1.000000
1.000000
1.000000
1.000000
1.000000
1.000000
1.000000
1.000000
1.000000
1.000000
1.000000
1.000000
1.000000
1.000000
1.000000
1.000000
1.000000
1.000000
1.000000
1.000000
1.000000
1.000000
1.000000
1.000000
1.000000
1.000000
1.000000
1.000000
1.000000
1.000000
1.000000
1.000000
1.000000
1.000000
1.000000
1.000000
1.000000
1.000000
1.000000
1.000000
1.000000
1.000000
1.000000
1.000000
1.000000
1.000000
1.000000
1.000000
1.000000
1.000000
1.000000
1.000000
1.000000
1.000000
1.000000
