34.499580
34.500000
34.985336
0.000000
20.682140
26.486206
21.471350
6145112.000000
1.000000
8229.056641
45.738003
0.149105
0.000000
0.000000
0.000000
45.738003
0.149105
0.000000
0.000000
0.000000
0.000000
0.000000
0.000000
0.000000
0.000000
0.000000
45.738049
0.149106
0.000000
0.000000
45.738003
0.149106
0.000000
0.000000
0.000000
0.000000
0.000000
0.000000
0.000000
0.000000
0.000000
0.000000
0.000000
0.000000
0.000000
0.000000
0.000000
0.000000
0.000000
0.000000
0.000000
0.000000
0.000000
0.000000
0.000000
0.000000
0.000000
0.000000
0.000000
0.000000
0.000000
0.000000
0.000000
0.000000

