33.002460
33.000000
33.460297
0.000000
20.682140
26.586914
22.186298
7880562.000000
1.000000
4.898000
37.362003
5.523757
0.000000
0.000000
0.000000
37.362003
5.523757
0.000000
0.000000
0.000000
0.000000
0.000000
0.000000
0.000000
0.000000
0.000000
37.362186
5.523785
0.000000
0.000000
37.362003
5.523785
0.000000
0.000000
0.000000
0.000000
0.000000
0.000000
0.000000
0.000000
0.000000
0.000000
0.000000
0.000000
0.000000
0.000000
0.000000
0.000000
0.000000
0.000000
0.000000
0.000000
0.000000
0.000000
0.000000
0.000000
0.000000
0.000000
0.000000
0.000000
0.000000
0.000000
0.000000
0.000000

