5.000000000000000104e-03 1.032078381000000153e+11
1.499999999999999944e-02 9.087994089999998474e+10
2.500000000000000139e-02 7.380047859999998474e+10
3.500000000000000333e-02 6.008840500000003052e+10
4.499999999999999833e-02 5.031818809999999237e+10
5.500000000000000028e-02 4.248691559999999237e+10
6.500000000000000222e-02 3.687566740000001526e+10
7.499999999999999722e-02 3.167684239999997330e+10
8.500000000000000611e-02 2.827547370000001526e+10
9.500000000000000111e-02 2.483527780000001144e+10
1.049999999999999961e-01 2.195019619999998093e+10
1.150000000000000050e-01 1.940901190000001144e+10
1.250000000000000000e-01 1.778602329999998474e+10
1.350000000000000089e-01 1.612297120000003052e+10
1.449999999999999900e-01 1.486310319999998665e+10
1.549999999999999989e-01 1.349377119999998856e+10
1.650000000000000078e-01 1.257011420000002289e+10
1.749999999999999889e-01 1.167266049999999046e+10
1.849999999999999978e-01 1.075432319999999046e+10
1.950000000000000067e-01 1.017048470000001907e+10
2.049999999999999878e-01 9.629839899999992371e+09
2.149999999999999967e-01 8.895589099999992371e+09
2.250000000000000056e-01 8.726575100000017166e+09
2.349999999999999867e-01 7.922974699999993324e+09
2.449999999999999956e-01 7.608412133333326340e+09
2.600000000000000089e-01 6.856174699999994278e+09
2.800000000000000266e-01 6.291342200000011444e+09
2.999999999999999889e-01 5.779732799999995232e+09
3.200000000000000067e-01 5.645717449999995232e+09
3.400000000000000244e-01 4.921808700000009537e+09
3.599999999999999867e-01 4.612577749999996185e+09
3.800000000000000044e-01 4.138593999999996185e+09
4.000000000000000222e-01 3.867557850000007153e+09
4.199999999999999845e-01 3.578038949999996662e+09
4.400000000000000022e-01 3.407910849999997139e+09
4.600000000000000200e-01 3.228867600000006199e+09
4.799999999999999822e-01 3.024234199999997139e+09
5.000000000000000000e-01 2.748170149999997616e+09
5.200000000000000178e-01 2.660149799999997616e+09
5.400000000000000355e-01 2.514696314285719872e+09
5.749999999999999556e-01 2.261484859999998093e+09
6.250000000000000000e-01 2.083924899999998093e+09
6.750000000000000444e-01 1.806691820000002384e+09
7.249999999999999778e-01 1.696919839999998569e+09
7.750000000000000222e-01 1.526060760000002146e+09
8.249999999999999556e-01 1.369191139999998808e+09
8.750000000000000000e-01 1.283659639999998808e+09
9.250000000000000444e-01 1.188896680000001669e+09
9.749999999999999778e-01 1.054554173333332419e+09
1.050000000000000044e+00 9.480328000000013113e+08
1.149999999999999911e+00 8.358445399999992847e+08
1.250000000000000000e+00 7.305151999999994040e+08
1.350000000000000089e+00 6.455820700000008345e+08
1.449999999999999956e+00 5.738546599999995232e+08
1.550000000000000044e+00 5.189860900000007153e+08
1.649999999999999911e+00 4.657825499999995828e+08
1.750000000000000000e+00 4.230004599999996424e+08
1.850000000000000089e+00 3.895803200000005364e+08
1.949999999999999956e+00 3.584531200000004768e+08
2.049999999999999822e+00 3.269338999999997020e+08
2.149999999999999911e+00 3.030144599999997020e+08
2.250000000000000000e+00 2.869173099999997616e+08
2.350000000000000089e+00 2.603176299999997616e+08
2.450000000000000178e+00 2.358425733333334625e+08
2.600000000000000089e+00 2.097212200000002682e+08
2.799999999999999822e+00 1.801881799999998510e+08
3.000000000000000000e+00 1.578905249999998510e+08
3.200000000000000178e+00 1.413684150000001788e+08
3.399999999999999911e+00 1.233755599999998957e+08
3.600000000000000089e+00 1.095758750000001490e+08
3.799999999999999822e+00 1.002496949999999106e+08
4.000000000000000000e+00 9.016974999999992549e+07
4.200000000000000178e+00 7.734338999999992549e+07
4.400000000000000355e+00 7.251165000000025332e+07
4.599999999999999645e+00 6.468244999999994040e+07
4.799999999999999822e+00 5.817243499999994785e+07
5.000000000000000000e+00 5.387069999999995530e+07
5.200000000000000178e+00 4.872809499999995530e+07
5.400000000000000355e+00 4.479669500000015646e+07
5.599999999999999645e+00 4.078864499999996275e+07
5.799999999999999822e+00 3.745209499999997020e+07
6.000000000000000000e+00 3.418325499999997020e+07
6.200000000000000178e+00 3.214997499999997020e+07
6.400000000000000355e+00 2.887356000000010431e+07
6.599999999999999645e+00 2.661216999999997765e+07
6.799999999999999822e+00 2.484814999999997765e+07
7.000000000000000000e+00 2.217900999999998137e+07
7.200000000000000178e+00 2.129013999999998137e+07
7.400000000000000355e+00 1.902161428571430594e+07
7.750000000000000000e+00 1.627760600000000000e+07
8.250000000000000000e+00 1.296411200000000000e+07
8.750000000000000000e+00 1.057575200000000000e+07
9.250000000000000000e+00 8.771112000000000000e+06
9.750000000000000000e+00 7.623244000000000000e+06
1.025000000000000000e+01 6.395706000000000000e+06
1.075000000000000000e+01 5.120252000000000000e+06
1.125000000000000000e+01 4.498418000000000000e+06
1.175000000000000000e+01 3.800390000000000000e+06
1.225000000000000000e+01 3.294994000000000000e+06
1.275000000000000000e+01 2.631218000000000000e+06
1.325000000000000000e+01 2.152300000000000000e+06
1.375000000000000000e+01 1.685250000000000000e+06
1.425000000000000000e+01 1.463768000000000000e+06
1.475000000000000000e+01 1.083521333333333256e+06
1.550000000000000000e+01 7.248480000000000000e+05
1.650000000000000000e+01 4.916230000000000000e+05
1.750000000000000000e+01 3.188850000000000000e+05
1.850000000000000000e+01 2.075790000000000000e+05
1.950000000000000000e+01 1.327400000000000000e+05
2.050000000000000000e+01 8.785800000000000000e+04
2.150000000000000000e+01 5.463500000000000000e+04
2.250000000000000000e+01 3.770400000000000000e+04
2.350000000000000000e+01 2.484200000000000000e+04
2.450000000000000000e+01 1.344700000000000000e+04
2.550000000000000000e+01 9.217000000000000000e+03
2.650000000000000000e+01 5.262000000000000000e+03
2.750000000000000000e+01 2.728000000000000000e+03
2.850000000000000000e+01 1.400000000000000000e+03
2.950000000000000000e+01 8.310000000000000000e+02
3.050000000000000000e+01 5.770000000000000000e+02
3.150000000000000000e+01 1.620000000000000000e+02
3.250000000000000000e+01 7.600000000000000000e+01
3.350000000000000000e+01 3.700000000000000000e+01
3.450000000000000000e+01 2.000000000000000000e+01
3.550000000000000000e+01 4.000000000000000000e+00
3.650000000000000000e+01 4.000000000000000000e+00
3.750000000000000000e+01 2.000000000000000000e+00
3.850000000000000000e+01 0.000000000000000000e+00
3.950000000000000000e+01 0.000000000000000000e+00
