0.000000
0.000000
0.000000
27.000000
1.000000
0.100000
25.000000
33.000000
0.000000
330.000000
0.000000
1023.000000
1.000000
0.000000
0.000000
0.000000
0.000001
0.000000
1023.000000
0.100000
0.000000
40.000000
100.000000
100.000000
60.000000
0.000010
0.000005
0.050000
23.000000
0.000000
0.000000
0.000000
0.000000
0.000000
0.000000
0.000000
0.000000
0.000000
0.000000
0.000000
0.000000
0.000000
0.000000
0.000000
0.000000
0.000000
0.000000
0.000000
0.000000
0.000000
0.000000
0.000000
0.000000
0.000000
0.000000
0.000000
0.000000
0.000000
0.000000
0.000000
0.000000
0.000000
0.000000
0.000000

