13.000000
5.000000
5.000000
33.683998
33.730999
33.806999
33.908001
34.029999
34.167999
34.320999
34.483002
34.653999
34.830002
35.012001
35.199001
35.394001
0.000000
0.000000
0.000000
0.000000
0.000000
0.000000
0.000000
2.000000
1.000000
1.000000
1.000000
1.000000
1.000000
1.000000
1.000000
1.000000
1.000000
1.000000
1.000000
1.000000
1.000000
1.000000
1.000000
1.000000
1.000000
1.000000
1.000000
1.000000
1.000000
1.000000
1.000000
1.000000
1.000000
1.000000
1.000000
1.000000
1.000000
1.000000
1.000000
1.000000
1.000000
1.000000
1.000000
1.000000
1.000000
1.000000
2.000000
0.000000

